Vorhg dor Weidmanmohon Buohhandlnng in 8111111

Τ. LIVI
‘AB URBE CONDITA LIBRI.

81111111

von

W. Weissenborn.

——-—-

1. 811 1. Hert: 81111 1. 7. 11111, 11111111 von 8. J. 1111111.
(1111112618.) 8. (111. 1870 ....... 11. 210.

1. 811. 2. Hert: 81111 2. 711111, besorgt von H. J. 11111111.
(lv 11. 167 S.) 8. 311. 1880 ........ 1. 20.

2. 8111 81111 8-5. 1111111. (vl 11. 4058.) 8. 311. 1874 ,, 8. ·-.
886. 1111111111-1. 1118. (2888.) 8. 311. 1876 ,, 2. 10.
881118111181111810. 411111. (2208.) 8. (111. 1877 ,, 1. 80.

4. 811. 1111111 Buch 21. 611111. (qu. 1488.) 8. geh. 12⁰

1.111.1.11111;1111111.11. 6111111. (254 8.) 8. geh. 1817 ,, 1. 80.

5. 811. 1. 1111111111 24. 28. 4. Aust, 1111111111 11. J.
11111111. (11111. 284 8.) 8. (111. 1880 . . . . ,, 1. 80.

1. 811. 2. Hert: 81111 26. 4.111111.,1111111 von 1111111111.
(11111. 141 S.) 8. 111. 1880 ........ 1. 20.

6. 811 1181111811 81111 27. 28. 111118. (11111. 2648.) 8. 111. 2 4⁰

111111111111111111. 1111. (ms.) 1111. 1111 „ 111.
1111111111-11. 1111. 11111111.) 1. 111. 1111 „ 111.
1111111111 11-11. 1. 1111. (1111.) 7. geh. 1111 . ,, 7. 70.
1. 11. 111111111111. 1. 1111. 11111.) 1. 111. 1111 „ 111.
111111111111111111. 11111. (1111.) 1. 111. 1111 ,, 1. 11.

10. 811. 1. 111111 81111148. 44. 2.11111,11111111118..1.1111111.
(1111111118.) 8. seh. 1880 ........ 1. 80.

10. 811. 2. nest: 81111 45. 2. 11111, 11111111111181111111.
1811 ............... lm Druck.

.-..---.

 

